timestamp,open,high,low,close,volume
2017-11-22,160.2700,160.6600,158.6900,158.7900,896834
2017-11-21,160.6600,160.6600,159.7100,159.8000,846758
2017-11-20,159.7500,160.3400,158.8900,159.8900,1039609
2017-11-17,159.2200,160.3000,158.0400,160.0700,1322415
2017-11-16,162.8000,163.0000,159.8200,159.9300,881095
2017-11-15,161.8300,162.8400,161.5400,162.6500,716174
2017-11-14,160.6600,162.8600,160.1300,162.0300,891808
2017-11-13,161.1200,162.2000,160.9400,161.4900,465786
2017-11-10,161.4300,162.0300,160.3900,161.5700,443340
2017-11-09,161.7000,162.4100,160.1200,161.5000,706120
2017-11-08,160.9800,161.6800,160.0500,160.9900,365278
2017-11-07,161.1700,162.6700,160.4000,161.6000,580652
2017-11-06,160.0100,161.6700,158.4700,161.1900,695928
2017-11-03,157.5000,160.0000,157.3600,159.5900,748474
2017-11-02,164.4300,165.0000,157.0900,157.4800,1515946
2017-11-01,161.5000,163.0000,159.9000,160.9100,929609
2017-10-31,160.5600,161.5400,160.5600,161.0800,609866
2017-10-30,160.7800,162.1900,160.1900,161.0100,704284
2017-10-27,162.3200,162.3300,160.0500,161.6200,536804
2017-10-26,164.0000,164.3100,161.1100,162.8200,505120
2017-10-25,163.1700,163.8700,162.1500,163.2400,752628
2017-10-24,164.1000,164.5800,162.7600,163.2800,973819
2017-10-23,163.4800,164.5800,162.6100,164.0200,573977
2017-10-20,161.9300,163.0600,161.4900,162.8200,478324
2017-10-19,159.1000,161.2700,158.8500,161.1700,463283
2017-10-18,159.1000,160.1600,158.5900,159.8000,526869
2017-10-17,159.2100,159.6000,158.1400,158.9400,726092
2017-10-16,158.1200,159.1600,156.4200,158.9500,621636
2017-10-13,156.7400,157.8400,156.2100,157.5900,972172
2017-10-12,155.9600,156.9800,155.7000,156.4300,644495
2017-10-11,155.8600,156.1200,155.2100,155.9600,630729
2017-10-10,154.9700,156.0200,154.4400,155.9500,486160
2017-10-09,155.1200,155.4500,154.4000,154.6800,399463
2017-10-06,155.7800,156.3300,154.8900,155.0200,493587
2017-10-05,154.9600,155.5700,154.0800,155.2500,413216
2017-10-04,155.0600,155.0600,153.6900,154.7000,522688
2017-10-03,155.0700,155.7200,154.7900,154.8900,623335
2017-10-02,154.4100,155.6200,153.2800,155.4900,668895
2017-09-29,155.5400,155.8100,153.7900,154.2300,559735
2017-09-28,154.9600,155.6900,154.2300,155.5300,553969
2017-09-27,155.1100,156.0600,154.8100,155.8300,1099694
2017-09-26,153.9900,156.1400,153.5000,154.8600,1905184
2017-09-25,152.4000,153.9700,152.0200,153.5200,641271
2017-09-22,151.3300,152.8800,151.2800,152.7100,984979
2017-09-21,152.3000,152.6000,151.3100,151.3700,307473
2017-09-20,152.2800,152.7400,151.5800,152.4100,806575
2017-09-19,152.4900,152.8500,151.7100,151.8400,783338
2017-09-18,153.2000,153.6800,151.5900,152.1000,1156870
2017-09-15,152.2000,153.8000,151.6400,153.1400,1871167
2017-09-14,152.5200,152.9000,151.1600,152.4200,1338092
2017-09-13,152.4300,153.0000,151.6700,152.8800,570226
2017-09-12,152.0500,153.0600,151.5200,152.6100,863462
2017-09-11,152.0000,153.2500,151.1200,151.5300,1049150
2017-09-08,147.7900,152.4400,147.3700,151.8400,1378408
2017-09-07,147.6300,149.2600,147.4000,147.8600,1299561
2017-09-06,147.7500,148.2900,147.1600,147.6200,862478
2017-09-05,147.6600,148.1300,146.5700,147.4700,1163791
2017-09-01,149.0700,149.1400,148.0500,148.1000,665477
2017-08-31,148.3600,148.8900,147.9900,148.4700,730916
2017-08-30,147.9000,148.6600,147.5200,147.7700,370632
2017-08-29,147.1000,148.0400,146.5000,147.8700,770347
2017-08-28,149.0000,149.0000,147.9300,148.0000,672569
2017-08-25,148.6800,149.2800,148.3800,148.8800,915158
2017-08-24,149.0200,149.0400,148.0700,148.3600,376228
2017-08-23,148.9000,149.5400,148.3200,148.3900,678790
2017-08-22,149.0000,150.2100,148.7200,149.4900,1467538
2017-08-21,148.6300,149.8300,148.2600,148.9300,430143
2017-08-18,147.7300,149.8700,147.4800,148.4400,523638
2017-08-17,149.8300,150.1700,148.0400,148.0500,625232
2017-08-16,151.0000,151.2500,149.8500,150.0100,796856
2017-08-15,151.5200,152.0000,150.7000,150.8700,657213
2017-08-14,149.5700,151.6000,148.0700,151.3100,527926
2017-08-11,148.8000,149.6900,148.4000,149.1400,583897
2017-08-10,148.4300,149.5400,147.8800,147.9700,1008646
2017-08-09,149.3800,149.9000,149.0600,149.2400,1524594
2017-08-08,149.4400,149.8100,149.0700,149.6600,854190
2017-08-07,149.2400,150.3400,148.8700,149.5800,639664
2017-08-04,148.1700,149.8500,146.9800,149.6400,558898
2017-08-03,148.0700,149.8100,144.7100,147.2400,1145636
2017-08-02,149.3600,149.9300,148.0200,148.8700,855882
2017-08-01,149.5400,149.8900,147.0000,149.6200,660812
2017-07-31,150.2700,151.0200,148.6300,148.8800,824295
2017-07-28,146.9700,150.7100,146.7500,150.1200,544857
2017-07-27,149.0200,149.0900,146.5500,147.0300,597622
2017-07-26,149.8700,150.1400,148.0800,148.5100,453490
2017-07-25,150.0000,150.4300,149.3000,149.8700,371436
2017-07-24,147.7100,149.3100,147.3800,149.0800,455765
2017-07-21,146.2700,147.9300,146.2600,147.6200,425487
2017-07-20,147.0100,147.5500,146.4800,147.3400,370596
2017-07-19,147.0600,147.7800,146.2200,146.7300,351416
2017-07-18,146.8700,147.6900,145.0000,147.1200,501569
2017-07-17,146.3400,147.9800,145.9400,147.9200,654278
2017-07-14,145.3300,147.1000,144.6200,146.4800,455678
2017-07-13,145.6600,146.0450,144.1500,145.7100,447165
2017-07-12,144.5000,145.5700,143.1000,145.3700,684990
2017-07-11,146.3700,146.5200,144.1200,144.5000,493346
2017-07-10,145.5900,146.8800,144.1900,146.2100,760936
2017-07-07,145.3200,146.7600,144.7300,146.3200,492698
2017-07-06,145.5900,147.7600,144.7400,145.0300,678680
2017-07-05,146.3500,146.6500,145.4500,145.4900,670129
2017-07-03,146.4800,147.4900,145.6400,146.3900,371634
2017-06-30,146.6700,147.0300,145.2300,145.4600,645715
2017-06-29,146.7000,147.8000,145.5600,146.7100,889972
2017-06-28,145.1500,147.2200,144.4300,146.8400,861922
2017-06-27,145.0700,146.0000,144.6200,144.9100,757637
2017-06-26,145.3600,146.5000,144.5000,145.0800,828766
2017-06-23,145.7000,145.7200,143.9000,145.3600,5555349
2017-06-22,147.9600,148.3800,144.7900,145.0500,1178455
2017-06-21,149.3500,149.8900,148.2800,148.6000,812864
2017-06-20,149.9800,150.3400,147.6200,149.5700,619141
2017-06-19,150.0000,150.4700,148.8900,149.5700,517545
2017-06-16,149.1300,149.9900,147.5400,149.6500,1116136
2017-06-15,147.3300,148.6900,145.8100,148.4200,451197
2017-06-14,147.2100,148.3600,146.6600,147.9800,514072
2017-06-13,145.7700,147.7100,145.5900,147.1800,659338
2017-06-12,146.0400,146.6800,144.4400,146.2400,827693
2017-06-09,145.5400,146.4500,144.7500,145.6600,1039845
2017-06-08,145.0900,146.3600,144.7400,145.5100,711368
2017-06-07,145.5200,145.6600,144.4400,145.3700,606902
2017-06-06,146.4700,146.4700,145.1600,145.3900,522622
2017-06-05,147.4400,148.0000,146.9400,147.0500,557167
2017-06-02,146.0900,147.5000,145.7800,147.1800,792139
2017-06-01,146.6100,147.9400,146.2300,146.6300,1040484
2017-05-31,145.0500,147.1200,144.0400,146.6300,1217144
2017-05-30,144.1500,145.3300,141.6700,145.0400,793368
2017-05-26,145.0400,145.1200,143.2500,145.0000,953716
2017-05-25,143.0300,145.3000,142.3800,144.8000,947418
2017-05-24,141.0800,142.8500,140.5400,142.7600,577024
2017-05-23,140.5500,141.8100,140.3700,141.2200,668006
2017-05-22,140.3200,141.1900,139.7000,140.6800,778876
2017-05-19,140.2500,141.1900,139.8100,140.0600,1354568
2017-05-18,139.9200,140.7400,139.3600,139.8500,1489278
2017-05-17,141.4900,142.0400,140.4900,140.6300,1299678
2017-05-16,142.8000,143.5500,140.1500,142.6500,787032
2017-05-15,142.3200,142.9600,142.0000,142.4700,1011221
2017-05-12,142.0000,143.0000,141.5900,142.3200,933063
2017-05-11,141.5800,142.6800,141.0300,142.4600,1330430
2017-05-10,142.1500,142.6600,140.9400,141.9600,1271517
2017-05-09,144.5500,145.2600,141.9400,142.1100,1392568
2017-05-08,144.4500,146.3000,143.8500,144.2900,2010338
2017-05-05,142.3500,144.2100,142.3500,144.2000,1695044
2017-05-04,136.0000,142.8500,136.0000,142.3400,2838137
2017-05-03,133.2600,134.9200,133.1100,134.0100,1608371
2017-05-02,133.0800,133.7200,132.8600,133.7100,883264
2017-05-01,133.3900,133.6500,132.5100,133.2300,769402
2017-04-28,133.3100,133.4600,132.4600,132.6200,971260
2017-04-27,132.6400,133.4300,131.9600,133.0500,591712
2017-04-26,131.5600,133.1700,131.5100,132.5300,812566
2017-04-25,130.4900,132.1100,130.4900,131.7900,505605
2017-04-24,130.2000,130.5000,128.9100,130.0800,859898
2017-04-21,129.8100,130.1600,127.7600,128.0500,798149
2017-04-20,128.7100,130.3200,128.0700,129.8600,489448
2017-04-19,128.7600,129.0000,128.1500,128.2500,543220
2017-04-18,127.8500,128.7500,127.0000,128.1100,534802
2017-04-17,126.8600,128.7200,125.7800,128.6300,570721
2017-04-13,126.0000,127.3700,125.6600,126.5400,962012
2017-04-12,126.8900,127.0500,125.6600,126.2800,658026
2017-04-11,127.1300,127.5500,125.7100,127.1400,720486
2017-04-10,128.2700,128.8900,127.5600,127.7600,1081592
2017-04-07,129.4100,129.6400,128.4100,128.4600,724621
2017-04-06,129.8000,130.3200,127.4900,129.6700,942490
2017-04-05,130.4600,131.3800,129.8600,129.9400,434234
2017-04-04,129.8000,130.4100,129.3200,130.3200,707375
2017-04-03,130.9300,131.5100,128.8900,129.9300,1039614
2017-03-31,130.8700,131.2400,130.4700,130.8900,628772
2017-03-30,130.4500,131.7500,130.2900,131.1700,537023
2017-03-29,130.6800,131.2400,130.6800,130.9500,563783
2017-03-28,129.5100,132.1300,129.5100,131.9300,668330
2017-03-27,128.5300,130.2200,128.1700,130.0200,444911
2017-03-24,129.2500,130.5500,129.0500,129.8800,722301
2017-03-23,129.3200,130.3400,128.7300,129.1800,629277
2017-03-22,129.3700,130.0700,128.5500,129.3500,637875
2017-03-21,130.3900,130.8300,129.0100,129.1900,924119
2017-03-20,129.5000,130.6000,129.2900,130.1900,655858
2017-03-17,129.5200,130.4000,127.8000,129.9600,968981
2017-03-16,129.9200,130.9100,129.2200,129.3000,807319
2017-03-15,129.5100,130.3400,128.8800,129.9700,781368
2017-03-14,128.3900,129.2100,128.1700,129.0200,641429
2017-03-13,127.9200,129.0700,127.8600,128.9300,493032
2017-03-10,127.3300,128.0200,126.4500,127.9800,735335
2017-03-09,126.9900,127.3700,126.2600,126.8600,619391
2017-03-08,127.8500,128.0700,126.5500,126.6900,595929
2017-03-07,128.0500,128.5700,126.6300,127.6300,505210
2017-03-06,128.7100,129.5300,128.3400,128.3500,640897
2017-03-03,129.3300,130.2000,129.0400,129.9600,531211
2017-03-02,130.7900,130.8800,129.0000,129.5200,805559
2017-03-01,129.2000,131.6000,128.8100,131.0400,876179
2017-02-28,128.2900,128.8300,127.8000,128.4300,717181
2017-02-27,128.1300,128.7500,127.2500,128.2400,422852
2017-02-24,126.7600,128.1600,125.3900,128.0900,577631
2017-02-23,127.2500,127.6300,126.2700,127.1600,582928
2017-02-22,126.8500,128.0900,126.5900,127.0000,531724
2017-02-21,128.0000,129.1300,127.0800,127.7500,781498
2017-02-17,125.9900,128.3600,125.7400,128.3500,719057
2017-02-16,125.4400,126.5500,125.4400,126.4000,524511
2017-02-15,124.9700,125.8100,124.2900,125.4300,490791
2017-02-14,125.2700,125.7100,124.1900,125.1700,650573
2017-02-13,124.3300,125.3500,124.1000,125.1400,715633
2017-02-10,122.4400,124.5400,121.2000,124.0700,909940
2017-02-09,125.0000,126.0000,120.8700,122.5400,2461665
2017-02-08,122.9500,123.4100,122.5400,122.9900,957399
2017-02-07,124.2700,124.6900,123.2000,123.4400,775345
2017-02-06,124.2800,124.7900,123.6000,123.6700,660467
2017-02-03,125.9200,126.6400,124.9100,125.2500,1436584
2017-02-02,124.0000,125.6200,123.8400,125.2400,544315
2017-02-01,125.7900,125.7900,124.1300,124.3000,670813
2017-01-31,125.8300,125.9900,124.6000,125.1300,710359
2017-01-30,125.9800,126.0100,123.9900,125.5700,542309
2017-01-27,127.1000,127.1000,124.5200,126.4400,664592
2017-01-26,127.4800,127.9400,127.1200,127.5800,442791
2017-01-25,126.6900,127.7200,126.5400,127.5700,777237
2017-01-24,125.5400,126.4524,125.2000,126.1700,550867
2017-01-23,125.6600,126.2000,124.9700,125.6100,539375
2017-01-20,125.7400,126.1400,124.6400,126.0700,555848
2017-01-19,126.3900,126.4000,125.1200,125.4900,473086
2017-01-18,125.8500,126.6100,125.3100,126.1700,771643
2017-01-17,124.4300,125.9350,123.5050,125.3300,778925
2017-01-13,125.8500,126.4000,124.6200,124.7300,635252
2017-01-12,125.0700,127.2720,124.5800,125.7300,519350
2017-01-11,125.9600,126.5800,125.1850,125.7500,609579
2017-01-10,126.0300,127.0300,125.5600,126.2200,643716
2017-01-09,126.3600,127.4400,125.9300,126.0100,467811
2017-01-06,126.9900,127.8500,126.1700,126.7800,812195
2017-01-05,124.1600,126.0400,124.0300,125.9600,583637
2017-01-04,123.5400,125.1200,122.9300,124.7600,477168
2017-01-03,123.2300,124.7677,122.1150,123.2400,790122
2016-12-30,122.5900,123.5600,121.3880,122.2800,466387
2016-12-29,122.4500,123.0700,121.6000,122.1700,216639
2016-12-28,124.3000,124.3000,121.9000,122.3800,429932
2016-12-27,124.5700,124.9000,124.0100,124.2800,382911
2016-12-23,123.0900,124.6550,122.7100,124.4900,361940
2016-12-22,122.5200,123.6900,121.7300,122.8500,557208
2016-12-21,123.9000,124.1488,122.8700,122.9900,614568
2016-12-20,124.3300,124.4900,123.4200,123.8400,651499
2016-12-19,122.3200,123.9700,121.7900,123.6300,937570
2016-12-16,122.4400,123.3700,121.7000,122.3300,1232676
2016-12-15,122.8000,123.2266,121.7600,122.3700,826795
2016-12-14,124.0000,124.8900,122.0200,122.2600,846385
2016-12-13,126.4500,126.9300,123.6300,124.4600,1168159
2016-12-12,122.6400,122.9700,120.9700,121.2100,822498
2016-12-09,122.8000,123.3000,122.4300,122.7900,943404
2016-12-08,125.1900,125.9100,121.9500,123.0000,988462
2016-12-07,124.9000,125.5200,124.0500,124.7500,928334
2016-12-06,121.4800,124.9200,121.3332,124.7600,1301703
2016-12-05,120.6900,122.0600,120.1800,121.4800,604726
2016-12-02,121.4300,121.5600,119.7000,119.9400,855826
2016-12-01,125.1000,125.3700,120.8900,121.4200,898743
2016-11-30,125.5000,126.0000,124.1200,124.3700,676819
2016-11-29,124.7600,124.8400,123.8150,124.3800,353027
2016-11-28,124.8200,125.1900,123.2100,124.3700,439924
2016-11-25,124.5500,125.4200,123.9500,125.3000,284030
2016-11-23,124.8200,125.5500,123.6700,124.5600,380242
2016-11-22,124.3700,125.4000,122.9200,124.8200,1011775
2016-11-21,125.1000,125.4600,123.5300,123.8900,475912
2016-11-18,124.7900,125.9500,124.3000,124.8200,819819
2016-11-17,122.7900,124.6400,122.1900,124.6000,524488
2016-11-16,123.1700,123.1700,122.2500,122.6700,818436
2016-11-15,123.7300,123.9200,122.2900,123.3300,639722
2016-11-14,120.9600,122.6000,120.0400,122.4900,1089329
2016-11-11,121.5500,121.9600,120.8400,121.4800,754726
2016-11-10,118.6700,122.9800,117.7000,122.2700,1524475
2016-11-09,117.0100,119.2300,116.0700,118.0000,1291790
2016-11-08,117.1300,119.5095,116.3400,118.7900,967619
2016-11-07,119.1200,119.1200,116.1300,117.6900,1345608
2016-11-04,120.2400,120.2400,112.7600,116.7800,3531237
2016-11-03,123.1200,125.0400,121.8110,123.6700,736674
2016-11-02,124.4900,124.6400,122.7000,122.9700,693167
2016-11-01,126.5200,126.8600,123.8700,124.3300,475774
2016-10-31,126.2600,126.8219,125.0250,125.9000,459242
2016-10-28,125.8900,126.7200,124.5200,125.6500,445684
2016-10-27,126.6500,127.1600,125.4600,125.6300,417173
2016-10-26,126.1300,126.9200,125.3600,126.1100,478252
2016-10-25,127.0900,127.0900,125.6700,126.4500,415278
2016-10-24,127.3300,128.2400,127.1200,127.2900,312008
2016-10-21,126.3400,127.2500,126.0400,126.7900,496552
2016-10-20,127.3800,128.6300,126.2400,127.4800,555176
2016-10-19,128.4600,129.4300,127.8800,128.7600,436437
2016-10-18,128.5500,129.2900,127.5700,128.0100,505591
2016-10-17,128.6500,128.6500,126.3200,127.0900,564755
2016-10-14,128.6900,129.2000,127.9800,128.3700,548016
2016-10-13,128.9400,128.9500,127.3500,127.9100,540271
2016-10-12,129.0300,130.9499,128.7300,129.8900,681860
2016-10-11,130.5200,131.4200,128.1700,128.7300,575651
2016-10-10,131.9400,132.5700,130.9900,131.0200,423774
2016-10-07,132.3100,132.6300,131.0000,131.0600,855110
2016-10-06,131.8200,132.6400,131.1200,132.0900,767191
2016-10-05,131.3800,132.6400,130.8900,131.9600,700175
2016-10-04,132.0000,132.0900,130.4900,131.5700,1068549
2016-10-03,132.4500,132.7400,130.0300,132.1100,1142843
2016-09-30,129.1700,133.4000,129.1700,132.7700,1462745
2016-09-29,128.0900,130.7200,127.7900,129.7900,1505332
2016-09-28,128.6400,129.3800,126.9500,127.9900,567247
2016-09-27,128.4200,129.6800,128.2100,128.9000,503607
2016-09-26,127.8100,128.0300,127.2900,128.0000,411034
2016-09-23,128.7100,128.9700,128.0600,128.0900,797324
2016-09-22,129.0000,129.7600,127.9250,129.1800,716530
2016-09-21,125.8700,128.5000,125.1100,128.4000,928305
2016-09-20,125.9300,126.3750,125.4200,125.6800,310987
2016-09-19,124.6000,125.0000,124.1200,124.6800,310746
2016-09-16,124.2300,124.4900,122.6700,123.9500,1847159
2016-09-15,122.2300,125.5000,121.2000,125.1200,716454
2016-09-14,122.9000,123.5900,121.6100,122.3000,746174
2016-09-13,124.0000,124.0500,122.8600,123.0900,488881
2016-09-12,121.7100,125.4600,121.4600,125.2500,655453
2016-09-09,124.3900,124.8350,122.0400,122.0400,641128
2016-09-08,127.8600,128.2800,125.3800,125.4200,728738
2016-09-07,127.6600,128.9800,127.2600,128.5500,632503
2016-09-06,126.8200,127.6600,126.0600,127.6600,752505
2016-09-02,125.5000,126.6100,124.8400,126.5300,487898
2016-09-01,124.0000,125.2400,123.5900,124.8500,526744
2016-08-31,123.9900,124.3700,122.1101,124.0100,464756
2016-08-30,124.1800,124.4800,121.8800,123.9400,414118
2016-08-29,123.1500,124.7600,122.9100,123.9200,456459
2016-08-26,122.5800,124.4541,122.1100,122.9900,514687
2016-08-25,121.8100,122.7600,121.7950,122.2100,527013
2016-08-24,123.1000,124.2550,121.9500,122.2100,425247
2016-08-23,123.2400,124.0000,122.6000,123.1100,391267
2016-08-22,122.5500,124.1300,122.1750,122.9500,570729
2016-08-19,122.1000,123.0500,120.4300,122.7200,1415285
2016-08-18,121.7400,122.7300,121.4550,122.5600,443849
2016-08-17,121.9000,122.2200,121.4400,121.9300,410306
2016-08-16,121.3700,121.9800,120.5000,121.4800,501814
2016-08-15,122.0000,122.2300,121.3700,121.5300,478783
2016-08-12,122.5100,122.8300,121.0700,121.4700,342887
2016-08-11,121.8600,122.9800,121.8500,122.7500,564002
2016-08-10,121.6500,122.4300,121.0320,121.8200,710483
2016-08-09,120.2900,121.5800,118.9000,121.2300,502680
2016-08-08,119.5700,121.4200,118.0836,120.5900,930824
2016-08-05,121.7300,123.0800,118.2600,119.9200,1865213
2016-08-04,123.5600,126.0000,123.5600,124.0900,766711
2016-08-03,123.5100,124.4800,123.4050,123.8200,447023
2016-08-02,123.6100,124.1600,122.9800,123.1700,793652
2016-08-01,123.8700,125.3300,123.6800,123.8400,574637
2016-07-29,123.4200,124.0500,122.8400,123.6200,426746
2016-07-28,124.0100,124.3000,123.3900,123.7400,275500
2016-07-27,123.8300,124.6200,123.1600,124.2700,400966
2016-07-26,124.2900,125.1700,123.5900,123.7600,314194
2016-07-25,123.5700,124.2400,123.0700,124.0000,366039
2016-07-22,123.2200,124.0600,122.5950,123.9400,373797
2016-07-21,123.6800,124.5000,123.0500,123.3300,374732
2016-07-20,124.5100,124.5700,121.6900,124.0000,533893
2016-07-19,123.2000,124.5300,122.8600,124.1700,706424
2016-07-18,124.8300,124.8300,123.6200,123.9800,462150
2016-07-15,126.4000,126.4000,124.0700,124.5900,512378
2016-07-14,127.6200,127.6800,125.9800,126.0400,567306
2016-07-13,127.6100,127.7400,126.1500,126.4200,629996
2016-07-12,125.8900,127.3200,125.3700,127.2000,843964
2016-07-11,125.1000,126.1100,124.0400,125.5200,482622
2016-07-08,126.0400,126.0400,124.6000,125.0600,692794
2016-07-07,124.2800,125.4800,123.9830,124.4400,591112
2016-07-06,123.3200,124.9900,122.6600,124.8700,750132
2016-07-05,120.1900,123.5400,120.1900,123.4800,761442
2016-07-01,124.4800,125.5100,122.6800,124.0000,858371
2016-06-30,121.3600,124.4300,120.0700,124.3100,1162663
2016-06-29,118.3400,121.0100,118.0500,121.0000,1049703
2016-06-28,113.8100,117.6300,113.6400,117.5600,795248
2016-06-27,114.6600,116.0800,112.9900,113.4000,886269
2016-06-24,121.0000,121.2500,115.9300,117.0100,1637995
2016-06-23,127.9400,127.9400,126.6000,127.6500,512314
2016-06-22,127.0900,127.9100,126.3300,126.4900,562040
2016-06-21,126.5400,127.4300,125.3500,127.3300,485595
2016-06-20,126.5100,128.2600,126.0900,126.2700,550338
2016-06-17,124.6700,125.7500,123.4300,125.3300,659349
2016-06-16,123.3400,124.8700,122.7500,124.8400,404785
2016-06-15,125.9500,125.9500,123.7000,124.1400,378694
2016-06-14,124.7200,125.7000,123.9400,124.9600,329276
2016-06-13,127.1000,127.6500,125.3100,125.4700,263296
2016-06-10,128.8700,128.9400,126.3000,127.0100,548053
2016-06-09,128.7300,129.6700,128.1400,129.5800,395206
2016-06-08,128.9900,129.4100,128.0300,129.0300,719114
2016-06-07,128.0500,129.7000,127.6900,129.2500,429443
2016-06-06,127.7000,128.7500,124.6600,127.6800,537212
2016-06-03,127.8100,127.8500,126.0050,127.4800,496966
2016-06-02,127.9900,128.8280,126.9700,128.7500,423625
2016-06-01,127.6700,128.1400,126.7500,128.0700,441536
2016-05-31,128.5000,128.6900,127.1900,128.0200,1384223
2016-05-27,126.5100,127.9900,126.1200,127.9100,722484
2016-05-26,126.3600,126.9800,125.4200,126.6100,627532
2016-05-25,127.0800,128.0600,125.9400,126.4600,462218
2016-05-24,126.1300,127.0800,125.1700,126.6200,761077
2016-05-23,125.4800,126.2300,124.7601,125.9500,640794
2016-05-20,125.1500,125.7700,123.8952,125.5700,816675
2016-05-19,124.5200,125.4700,122.6900,125.1200,598200
2016-05-18,123.2200,125.3950,122.5200,125.2700,629695
2016-05-17,123.4000,124.1700,121.1400,123.4100,580015
2016-05-16,123.1200,124.6100,122.8700,123.9100,528756
2016-05-13,123.9100,126.2700,122.7500,122.9700,715131
2016-05-12,124.4400,124.5700,122.0100,123.8900,475831
2016-05-11,125.7000,125.9400,124.0700,124.2100,594848
2016-05-10,123.8900,125.9900,122.8100,125.5100,1991598
2016-05-09,122.2800,123.6400,121.2000,123.4400,919806
2016-05-06,127.3600,127.3600,121.2400,121.5600,3221640
2016-05-05,126.6600,127.7900,126.2000,127.6600,1917463
2016-05-04,125.3900,126.7800,124.9700,126.5600,1598249
2016-05-03,124.5600,126.4300,123.6550,126.2700,1304758
2016-05-02,125.4400,126.7400,124.8000,125.9600,734675
2016-04-29,123.8000,125.1699,122.0500,124.9000,889670
2016-04-28,123.5400,124.6200,122.6800,124.1500,910737
2016-04-27,124.5900,124.9900,123.1300,124.6900,462677
2016-04-26,123.9600,124.4600,123.1600,124.4000,532993
2016-04-25,123.2000,123.9950,122.1700,123.3000,459972
2016-04-22,123.4800,124.7400,122.5800,123.7900,695352
2016-04-21,122.6100,124.1300,121.9300,123.0100,1055381
2016-04-20,121.1000,122.4600,121.0200,122.3100,658832
2016-04-19,121.3500,122.4200,121.1700,121.6800,924704
2016-04-18,118.3200,121.2700,117.5100,121.2600,735929
2016-04-15,117.5000,118.8000,115.9301,118.4500,939335
2016-04-14,118.1600,119.6800,117.1700,117.7200,358129
2016-04-13,115.8100,118.0100,115.1000,117.9900,621917
2016-04-12,114.9900,115.9900,114.7500,115.7900,775919
2016-04-11,114.1100,115.9500,114.1100,114.6400,553784
2016-04-08,114.8800,115.0000,112.5900,113.4100,689087
2016-04-07,114.7400,115.2650,113.3400,113.5400,702236
2016-04-06,114.0900,115.6100,113.7300,115.4700,2036098
2016-04-05,116.4000,116.4350,113.2500,114.0700,1149975
2016-04-04,119.6600,120.3500,117.3788,117.6500,514255
2016-04-01,118.0800,120.3400,117.0250,119.9300,765063
2016-03-31,118.7800,119.3350,117.8600,118.6600,577994
2016-03-30,118.4000,119.6700,118.1200,118.7400,443154
2016-03-29,117.9900,118.9300,117.0200,117.9800,591035
2016-03-28,119.5100,120.8800,118.0000,118.7200,798518
2016-03-24,118.8900,119.4400,117.6400,119.4100,534102
2016-03-23,121.4700,121.4700,119.1000,119.3800,444186
2016-03-22,121.0300,122.9100,120.7200,121.4700,711414
2016-03-21,120.8600,121.8400,119.1400,121.4500,1001334
2016-03-18,124.2500,124.5600,120.0900,121.2700,1607637
2016-03-17,121.0100,124.4100,119.4500,124.0300,809321
2016-03-16,120.3500,121.0400,119.0100,120.8200,562061
2016-03-15,119.8400,120.7600,118.0900,120.7000,515925
2016-03-14,120.4200,121.0400,118.6000,120.6300,495103
2016-03-11,117.9300,120.7600,116.6300,120.6200,590200
2016-03-10,116.9100,118.0000,114.1400,116.8200,416820
2016-03-09,117.0500,117.3100,115.5000,116.4900,796520
2016-03-08,116.5000,117.3700,115.4501,116.7100,841579
2016-03-07,116.0500,117.4800,115.9900,116.9500,898185
2016-03-04,116.6100,117.4800,115.5701,117.1900,692422
2016-03-03,116.4900,117.6700,115.4200,117.0000,884727
2016-03-02,115.3500,117.0900,115.2000,116.7800,1159689
2016-03-01,114.2700,115.5700,112.6500,115.5100,694078
2016-02-29,113.0400,115.3600,111.6500,113.3200,971565
2016-02-26,113.3400,114.1800,111.0100,112.7500,460167
2016-02-25,111.6000,112.9900,110.7500,112.8800,559882
2016-02-24,110.7700,112.4900,109.8200,111.5600,447282
2016-02-23,112.3700,112.8000,111.3500,111.8900,411236
2016-02-22,111.3600,113.2300,111.0100,113.0400,681534
2016-02-19,111.3700,112.3950,107.2800,110.3300,1244745
2016-02-18,111.1200,112.2000,108.9300,111.6000,441403
2016-02-17,110.8300,112.1100,107.9699,111.2400,922004
2016-02-16,109.1100,111.3000,107.0100,110.7700,1185091
2016-02-12,108.5600,109.4275,107.0700,107.8400,922402
2016-02-11,105.6300,109.2550,104.1100,107.1300,1319536
2016-02-10,106.7300,112.1099,106.3600,107.5200,1945964
2016-02-09,111.1700,112.1080,109.6400,110.6500,1725244
2016-02-08,113.3000,113.3000,110.4600,111.1600,1200452
2016-02-05,115.1200,116.4900,109.7100,114.0200,997061
2016-02-04,114.0800,116.3200,114.0800,115.7100,956336
2016-02-03,113.3800,114.6400,109.6400,114.0500,896326
2016-02-02,113.2500,113.8600,109.7500,110.5600,694826
2016-02-01,114.0000,114.8500,112.9000,114.5000,574170
2016-01-29,113.3500,114.5900,111.6700,114.4700,749928
2016-01-28,110.9000,112.9700,109.9000,112.5800,680420
2016-01-27,110.7700,112.5700,109.0200,110.7100,896948
2016-01-26,110.4200,111.4000,107.3025,111.0000,563603
2016-01-25,111.3200,114.6300,110.0000,110.1200,703799
2016-01-22,111.8800,112.9490,110.1900,111.9500,745066
2016-01-21,109.7300,110.5800,108.3150,110.0000,944335
2016-01-20,109.0600,111.6000,108.3200,109.3000,1654181
2016-01-19,113.6600,115.8700,109.8700,110.3800,1523527
2016-01-15,113.3300,114.8800,111.9200,112.5300,1093741
2016-01-14,113.5100,115.0300,110.0500,114.3800,785469
2016-01-13,116.4600,117.0650,112.5900,112.8500,949576
2016-01-12,115.5100,116.0600,114.5000,115.5500,1098024
2016-01-11,117.0100,117.3300,114.0900,114.9700,1408550
2016-01-08,115.4800,117.4400,113.5000,116.6200,2006267
2016-01-07,116.3800,119.7400,114.9300,114.9500,2489451
2016-01-06,125.2400,125.5400,119.9400,119.9800,2386461
2016-01-05,123.4300,126.2500,122.3100,125.8400,2163572
